222445624,
225526344,
22747925,
228378643,
228824292,
234557363,
236484869,
236829846,
237622676,
238664298,
238944256,
238948752,
239969267,
258963949,
27296972,
37884792,
45247445,
45499323,
47259483,
47287438,
4742352,
47887879,
53643993,
56443555,
57467424,
57685868,
59957487,
64328385,
64935586,
65227289,
65476882,
656927,
66344798,
66522846,
69465694,
72754466,
7335279,
75372362,
77284389,
78894994,
79532792,
82666849,
82843887,
83477797,
83695633,
84263278,
84355976,
84572932,
84593939,
84858782,
85375332,
86443828,
89847497,
92558785,
95738698,
98543968,
98885965,
187132213,
123456789,
189748365,
71934576,
217529235,
124326722,
124885985,
126923475,
123456,
9,
0,
0,
38382,
38382,
73763,
